92 213 101 151 208 193 88 121 36 162 160 175 55 6 5 72 233 29 249 214 14 199 181 65 143 228 51 29 102 14 225 184 34 246 164 239 179 233 140 3 189 185 122 57 145 30 24 181 149 223 
224 197 198 105 44 38 55 178 135 192 201 196 219 166 22 189 181 249 70 75 51 28 129 87 228 239 25 216 97 110 66 218 20 160 91 47 98 222 19 20 179 95 24 171 47 139 5 143 60 28 
34 230 56 159 145 20 25 77 69 28 69 237 24 206 193 79 79 181 227 214 135 177 58 218 235 8 95 59 56 97 10 87 147 54 23 160 139 173 90 128 5 165 175 115 249 143 147 80 113 164 
104 222 91 218 250 61 92 231 47 71 76 107 131 134 46 140 82 139 221 218 187 240 226 6 103 108 145 168 138 114 148 198 54 245 250 40 204 12 175 148 126 92 186 43 114 191 156 75 250 116 
1 157 215 105 171 132 18 155 18 134 28 177 134 5 141 190 219 176 197 45 199 141 215 229 62 161 244 202 161 105 155 41 168 165 8 30 95 78 209 66 147 40 113 105 100 199 134 65 175 141 
23 2 141 44 113 117 175 182 73 17 216 250 181 164 67 204 61 13 213 120 117 79 9 59 191 238 15 172 81 129 26 16 204 122 160 111 150 66 72 238 110 39 215 98 75 5 245 219 63 152 
196 231 29 117 31 104 193 36 14 209 35 29 17 20 36 89 132 141 208 76 102 100 17 3 247 184 206 86 130 50 162 163 36 151 154 213 136 19 121 91 133 164 184 195 31 241 219 198 166 135 
7 236 220 61 61 229 14 112 215 233 211 79 177 69 177 76 213 193 200 128 16 243 154 148 135 122 46 132 156 146 156 39 128 52 140 22 254 49 187 141 27 20 86 188 65 68 108 211 27 251 
8 127 164 57 99 250 81 238 20 156 148 21 218 22 198 126 187 250 177 254 10 137 31 194 205 248 111 215 143 199 160 79 62 40 208 83 192 85 97 213 84 129 181 78 183 95 171 98 175 13 
198 179 13 236 42 115 205 51 64 93 168 29 213 163 62 138 39 233 28 89 148 227 54 113 109 195 20 194 119 0 0 66 127 189 20 32 152 55 49 95 32 47 205 219 75 227 93 79 200 171 
105 99 222 56 121 52 10 173 129 195 162 1 111 63 164 101 97 176 8 39 255 166 17 82 240 163 212 41 27 81 219 168 9 115 167 64 114 134 223 221 226 138 5 128 205 183 182 38 71 131 
80 167 176 189 163 165 156 211 102 164 229 138 36 157 175 254 159 255 145 206 231 182 106 57 231 226 17 38 152 206 48 226 219 227 173 221 106 93 213 40 96 10 109 27 43 209 70 23 76 65 
153 119 112 178 160 222 131 82 218 153 199 226 74 109 163 215 223 146 77 236 100 179 201 114 188 250 208 76 106 221 169 247 255 148 51 33 156 110 39 206 58 192 234 83 226 204 176 48 236 91 
86 198 39 31 23 68 152 49 97 152 185 29 114 125 124 37 103 99 66 243 95 145 20 75 101 245 141 56 120 254 251 58 239 49 44 215 49 25 155 219 117 126 127 0 17 239 128 48 5 155 
208 51 39 128 184 183 208 71 113 165 188 36 93 133 251 121 244 129 249 151 73 252 85 234 152 196 231 45 244 182 145 38 96 191 25 40 167 6 238 252 105 151 69 152 163 2 73 90 167 163 
251 170 218 118 253 44 15 242 192 28 232 146 201 171 5 13 175 97 57 129 86 89 228 12 141 145 56 22 6 80 155 24 232 26 188 119 166 178 160 237 122 115 161 234 64 164 211 171 70 45 
146 68 220 83 8 228 80 223 98 92 153 65 191 224 106 86 192 66 125 204 84 31 6 99 157 214 30 97 62 116 200 188 119 191 170 7 79 98 110 44 12 248 251 78 2 232 29 242 11 213 
22 122 235 125 65 201 115 83 216 199 106 145 243 15 50 226 215 143 203 234 165 75 231 182 68 2 255 231 81 77 210 194 233 255 140 5 139 132 200 168 140 154 111 177 178 91 47 168 50 151 
14 78 93 40 154 223 193 58 162 110 178 200 9 28 128 173 248 181 198 86 191 103 207 77 15 153 96 165 143 34 129 74 133 15 151 205 137 72 166 115 217 99 205 56 44 155 196 205 121 54 
185 133 140 161 77 2 123 90 101 209 123 100 29 60 201 235 74 2 132 128 139 224 149 193 38 243 161 34 53 99 157 233 74 57 123 213 234 86 237 214 78 132 160 24 77 81 65 159 92 137 
226 236 209 247 39 86 205 199 147 234 222 136 201 2 171 241 3 244 191 167 229 109 23 199 99 190 51 189 184 122 111 103 234 210 222 79 221 70 175 90 159 141 48 21 195 146 173 123 85 172 
133 151 197 168 193 58 241 185 205 143 61 76 221 64 186 119 160 220 108 143 29 87 143 108 144 118 229 196 171 238 239 0 229 46 64 52 214 131 43 45 28 6 242 23 103 237 126 193 91 5 
89 220 40 136 47 2 204 0 201 8 166 232 122 216 88 20 87 128 59 91 195 42 13 200 20 229 51 65 20 141 15 4 232 229 65 112 66 228 22 215 173 247 99 244 98 181 196 252 12 215 
75 121 152 146 33 197 182 236 140 23 249 86 229 135 182 22 171 72 223 108 67 74 240 27 130 66 126 38 191 91 120 101 5 38 129 12 3 33 178 103 239 142 103 136 221 227 184 238 0 226 
210 223 234 49 34 55 126 212 212 122 68 41 104 188 12 252 114 178 83 69 157 127 255 131 164 85 110 171 132 171 71 114 137 39 29 231 237 110 250 99 0 121 23 191 152 127 18 85 236 233 
107 140 9 190 219 160 149 43 96 170 26 29 39 172 195 52 79 152 135 239 220 73 2 143 31 206 126 53 188 231 32 247 134 16 140 65 54 219 105 163 114 61 227 234 9 235 157 249 193 235 
225 246 55 87 176 122 139 149 54 214 243 132 10 164 209 184 239 65 53 47 75 127 217 251 23 250 90 135 141 87 182 164 234 208 154 225 174 30 53 207 178 172 32 174 233 184 65 101 1 60 
207 100 202 22 196 150 245 168 133 169 145 236 191 59 42 127 118 88 205 231 180 141 212 105 91 110 85 74 204 247 27 150 178 52 92 67 119 229 201 146 143 158 253 66 252 52 224 188 196 212 
128 251 234 110 6 160 193 136 93 99 135 126 92 34 106 69 195 32 61 122 246 211 76 143 169 185 14 74 47 26 214 99 140 181 243 233 97 146 255 65 51 62 243 67 151 43 169 32 204 31 
11 103 71 189 189 75 250 166 173 59 83 249 71 136 83 200 67 138 105 168 130 17 107 124 67 69 19 91 211 79 60 121 26 238 188 32 122 39 249 183 75 205 47 250 148 100 249 84 28 124 
102 235 164 178 226 126 97 105 216 11 167 203 82 145 193 89 86 186 87 207 103 140 17 199 152 223 124 111 164 78 242 2 154 228 193 205 117 28 0 14 41 218 177 164 59 27 223 91 186 106 
17 0 36 230 58 87 51 95 137 125 159 110 182 122 199 247 166 5 193 248 184 213 220 221 106 22 217 123 121 78 36 62 194 154 37 250 97 115 160 6 139 38 156 96 160 14 74 159 166 242 
7 52 150 151 255 204 254 173 221 14 66 73 196 86 59 126 0 226 139 220 217 181 181 95 203 16 28 166 24 66 166 230 209 2 205 65 235 253 201 242 110 104 20 162 64 51 15 213 78 13 
139 195 26 119 191 120 1 34 70 120 247 62 126 74 169 146 105 197 139 96 79 168 14 59 53 179 212 50 91 234 188 49 2 79 103 117 220 21 96 153 121 229 26 233 170 10 108 0 53 41 
201 44 182 39 209 18 43 47 175 57 86 229 147 185 105 50 111 19 10 2 153 201 172 120 241 57 66 251 195 56 37 85 63 230 26 58 252 175 82 135 104 220 217 234 180 167 47 45 61 86 
135 235 93 16 209 10 119 50 143 188 111 69 133 243 209 238 202 215 102 1 165 156 46 237 220 55 213 84 220 64 194 10 234 61 168 0 173 249 112 236 140 177 38 142 243 131 24 114 242 19 
32 191 54 61 143 46 60 98 0 120 228 193 141 0 21 233 8 24 211 11 22 200 241 35 229 50 229 128 157 67 174 163 1 166 189 164 194 98 90 143 122 93 198 242 255 199 244 20 88 243 
133 238 116 42 103 229 79 111 6 48 47 63 148 46 45 117 184 204 26 222 117 246 220 76 129 60 197 183 17 147 252 192 127 39 36 204 7 244 178 71 43 75 88 162 76 103 64 6 157 73 
67 199 129 32 148 244 48 232 84 67 49 29 88 50 255 173 13 88 6 56 12 238 155 109 175 252 192 216 144 184 218 78 184 56 17 252 65 252 4 93 227 160 245 31 244 27 72 0 229 69 
159 82 217 230 242 52 171 39 119 251 229 155 108 137 195 96 181 239 160 154 132 33 26 155 4 140 84 162 48 85 167 1 109 244 142 67 100 22 76 201 122 209 202 187 104 240 200 200 65 90 
82 70 38 142 29 8 234 37 138 106 66 186 100 87 179 100 127 54 232 199 69 243 213 209 1 36 188 207 211 145 123 40 96 167 61 44 209 87 119 101 171 33 212 203 99 204 12 21 95 121 
82 47 137 107 73 104 89 215 59 199 88 6 134 39 233 115 253 58 143 141 122 125 114 221 18 248 243 48 218 147 219 7 157 142 182 223 38 129 94 103 13 98 96 252 233 32 32 92 36 76 
31 82 255 97 141 52 91 76 8 19 129 215 228 1 173 179 134 231 176 9 20 111 64 119 116 167 22 146 171 167 56 82 190 230 203 238 193 124 133 182 166 72 43 244 87 154 182 45 102 86 
36 62 248 137 38 35 109 229 240 191 248 90 79 150 43 101 75 67 185 125 112 204 149 108 108 15 129 202 84 0 142 146 82 246 116 108 142 220 189 11 32 239 28 120 56 148 35 244 10 157 
7 152 15 239 220 236 9 135 138 189 240 96 220 82 185 81 77 133 29 141 74 0 139 41 27 248 255 61 54 221 15 128 58 43 127 167 26 196 235 155 140 82 119 168 194 9 51 131 137 133 
12 76 15 36 69 89 239 166 146 46 9 75 134 174 9 167 5 141 12 240 149 238 6 136 239 110 100 144 141 46 82 41 48 218 29 155 173 136 34 217 223 134 29 15 109 112 55 76 254 63 
171 31 243 21 73 46 234 78 173 108 97 128 14 245 85 194 17 216 93 193 45 155 153 232 24 191 183 14 202 244 163 251 114 234 21 71 247 115 240 205 195 196 15 49 176 181 175 189 42 29 
141 55 155 92 159 41 163 145 247 224 208 7 3 216 196 118 192 32 46 60 150 15 120 58 231 122 143 126 130 154 49 43 106 36 20 196 6 121 126 145 16 104 118 65 119 124 39 84 152 26 
126 112 191 178 216 227 47 178 214 66 132 145 116 166 174 207 34 73 162 15 112 96 47 239 43 49 56 125 215 40 55 67 164 188 135 50 190 106 101 85 191 89 174 11 231 182 198 76 102 224 
72 3 101 99 234 245 48 82 95 218 209 34 143 213 33 18 221 128 93 92 206 43 210 171 147 156 116 236 162 85 52 162 85 1 116 133 172 51 143 223 223 40 231 81 150 179 1 187 96 132 
